#n       parallel  pi          error        bits
10      0.000294  3.141593    7.39834E-08  23
110     0.000348  3.141593    4.44089E-16  50
210     0.000375  3.141593    8.88178E-16  49
310     0.000331  3.141593    8.88178E-16  49
410     0.000328  3.141593    8.88178E-16  49
510     0.000352  3.141593    8.88178E-16  49
610     0.000346  3.141593    8.88178E-16  49
710     0.010637  3.141593    8.88178E-16  49
810     0.000337  3.141593    8.88178E-16  49
910     0.000378  3.141593    8.88178E-16  49
1010    0.000366  3.141593    8.88178E-16  49
1110    0.000372  3.141593    8.88178E-16  49
1210    0.000396  3.141593    8.88178E-16  49
1310    0.000470  3.141593    8.88178E-16  49
1410    0.000335  3.141593    8.88178E-16  49
1510    0.000354  3.141593    8.88178E-16  49
1610    0.000395  3.141593    8.88178E-16  49
1710    0.000380  3.141593    8.88178E-16  49
1810    0.012772  3.141593    8.88178E-16  49
1910    0.000383  3.141593    8.88178E-16  49

