#n       series   pi          error        bits
10      0.000001  3.141593    7.39834E-08  23
110     0.000009  3.141593    8.88178E-16  49
210     0.000016  3.141593    8.88178E-16  49
310     0.000023  3.141593    8.88178E-16  49
410     0.000033  3.141593    8.88178E-16  49
510     0.000040  3.141593    8.88178E-16  49
610     0.000052  3.141593    8.88178E-16  49
710     0.000059  3.141593    8.88178E-16  49
810     0.000064  3.141593    8.88178E-16  49
910     0.000069  3.141593    8.88178E-16  49
1010    0.000072  3.141593    8.88178E-16  49
1110    0.000077  3.141593    8.88178E-16  49
1210    0.000081  3.141593    8.88178E-16  49
1310    0.000086  3.141593    8.88178E-16  49
1410    0.000090  3.141593    8.88178E-16  49
1510    0.000107  3.141593    8.88178E-16  49
1610    0.000099  3.141593    8.88178E-16  49
1710    0.000103  3.141593    8.88178E-16  49
1810    0.000108  3.141593    8.88178E-16  49
1910    0.000111  3.141593    8.88178E-16  49
