#n   parallel  series		speedup
10    0.000648  0.000003    0.004783
110   0.000281  0.000009    0.032258
210   0.000309  0.000016    0.051698
310   0.000359  0.000023    0.064452
410   0.000329  0.000033    0.100725
510   0.000287  0.000039    0.136326
610   0.000368  0.000053    0.143876
710   0.000290  0.000060    0.207237
810   0.000316  0.000064    0.202112
910   0.000318  0.000069    0.217554
1010  0.000303  0.000073    0.240755
1110  0.000313  0.000077    0.246002
1210  0.000433  0.000082    0.189427
1310  0.000306  0.000086    0.281372
1410  0.000313  0.000090    0.287129
1510  0.000340  0.000095    0.279102
1610  0.000351  0.000099    0.281929
1710  0.000331  0.000103    0.311015
1810  0.000340  0.000112    0.329593
1910  0.000269  0.000112    0.415412
