#n               series     pi	error 		bits same
100   	 	0.000001    3.131593    0.00999975 	  6
1000  	  	0.000014    3.140593    0.001   	  9
10000     	0.000140    3.141493    0.0001  	  13
100000    	0.001424    3.141583    1E-05   	  16
1000000    	0.014259    3.141592    1E-06  	  19
10000000   	0.126035    3.141593    1E-07   	  23
100000000    	1.256340    3.141593    1.00005E-08      26
1000000000   	12.299040   3.141593    1.00174E-09      29
10000000000    204.610570  3.141593    1.01447E-10      33

