#n              parallel     pi	error		bits same
10   		 0.019802  3.041840    0.099753  	 3
100    	 0.020830  3.131593    0.00999975 	 6
1000    	 0.034369  3.140593    0.001  	 9
10000    	 0.000561  3.141493    0.0001 	 13
100000    	 0.001894  3.141583    1E-05  	 16
1000000    	 0.013768  3.141592    1E-06  	 19
10000000    	 0.103499  3.141593    1E-07  	 23
100000000   	 0.727557  3.141593    1E-08  	 26
1000000000   	 7.249190  3.141593    1.00047E-09  	 29
10000000000     75.927994  3.141593    1.01743E-10     33

