#t  p euler   s euler    p leibn    s leib 	sp eule   sp leib
1   0.000188  0.000035  5.333881  10.130044  0.186548   1.899188
3   0.000173  0.000032  5.527050  10.454529  0.184828   1.891521
4   0.000145  0.000038  5.732114  10.945011  0.261084   1.909420
5   0.000186  0.000035  5.547630  10.524869  0.188462   1.897183
6   0.000293  0.000054  5.413779  10.269988  0.184703   1.897009
7   0.000329  0.000042  5.681848  10.530343  0.127536   1.853331
8   0.000294  0.000032  5.343040  10.718980  0.108678   2.006158
9   0.000295  0.000035  5.728081  10.640249  0.118836   1.857559
10  0.000341  0.000037  5.658199  10.480041  0.108392   1.852187
11  0.000414  0.000032  5.624445  10.663451  0.077189   1.895912
12  0.000441  0.000031  5.804573  11.017770  0.070270   1.898119
13  0.000558  0.000044  5.759726  10.723555  0.079026   1.861817
14  0.000411  0.000041  5.235549  10.931312  0.099768   2.087902
15  0.000506  0.000050  5.460580  10.655608  0.098917   1.951369
16  0.000615  0.000036  5.747603  10.742886  0.058550   1.869107
17  0.000636  0.000033  5.820568  10.531898  0.051724   1.809428
18  0.000599  0.000035  5.514424  10.280415  0.058519   1.864277
19  0.000490  0.000032  5.352971  10.144125  0.065207   1.895046
20  0.003599  0.000032  5.380077  10.145751  0.008877   1.885800

